1.223513364791870117e+00 2.022708702087402344e+01 2.212166213989257812e+01
3.652698516845703125e+00 1.993213081359863281e+01 2.212166213989257812e+01
6.028619289398193359e+00 1.934651947021484375e+01 2.212166213989257812e+01
8.316628456115722656e+00 1.847879219055175781e+01 2.212166213989257812e+01
1.048336315155029297e+01 1.734160041809082031e+01 2.212166213989257812e+01
1.249722671508789062e+01 1.595153141021728516e+01 2.212166213989257812e+01
1.432885265350341797e+01 1.432885265350341797e+01 2.212166213989257812e+01
1.595153141021728516e+01 1.249722671508789062e+01 2.212166213989257812e+01
1.734160041809082031e+01 1.048336315155029297e+01 2.212166213989257812e+01
1.847879219055175781e+01 8.316628456115722656e+00 2.212166213989257812e+01
1.934651947021484375e+01 6.028619289398193359e+00 2.212166213989257812e+01
1.993213081359863281e+01 3.652698516845703125e+00 2.212166213989257812e+01
2.022708702087402344e+01 1.223513364791870117e+00 2.212166213989257812e+01
2.022708702087402344e+01 -1.223513364791870117e+00 2.212166213989257812e+01
1.993213081359863281e+01 -3.652698516845703125e+00 2.212166213989257812e+01
1.934651947021484375e+01 -6.028619289398193359e+00 2.212166213989257812e+01
1.847879219055175781e+01 -8.316628456115722656e+00 2.212166213989257812e+01
1.734160041809082031e+01 -1.048336315155029297e+01 2.212166213989257812e+01
1.595153141021728516e+01 -1.249722671508789062e+01 2.212166213989257812e+01
1.432885265350341797e+01 -1.432885265350341797e+01 2.212166213989257812e+01
1.249722671508789062e+01 -1.595153141021728516e+01 2.212166213989257812e+01
1.048336315155029297e+01 -1.734160041809082031e+01 2.212166213989257812e+01
8.316628456115722656e+00 -1.847879219055175781e+01 2.212166213989257812e+01
6.028619289398193359e+00 -1.934651947021484375e+01 2.212166213989257812e+01
3.652698516845703125e+00 -1.993213081359863281e+01 2.212166213989257812e+01
1.223513364791870117e+00 -2.022708702087402344e+01 2.212166213989257812e+01
-1.223513364791870117e+00 -2.022708702087402344e+01 2.212166213989257812e+01
-3.652698516845703125e+00 -1.993213081359863281e+01 2.212166213989257812e+01
-6.028619289398193359e+00 -1.934651947021484375e+01 2.212166213989257812e+01
-8.316628456115722656e+00 -1.847879219055175781e+01 2.212166213989257812e+01
-1.048336315155029297e+01 -1.734160041809082031e+01 2.212166213989257812e+01
-1.249722671508789062e+01 -1.595153141021728516e+01 2.212166213989257812e+01
-1.432885265350341797e+01 -1.432885265350341797e+01 2.212166213989257812e+01
-1.595153141021728516e+01 -1.249722671508789062e+01 2.212166213989257812e+01
-1.734160041809082031e+01 -1.048336315155029297e+01 2.212166213989257812e+01
-1.847879219055175781e+01 -8.316628456115722656e+00 2.212166213989257812e+01
-1.934651947021484375e+01 -6.028619289398193359e+00 2.212166213989257812e+01
-1.993213081359863281e+01 -3.652698516845703125e+00 2.212166213989257812e+01
-2.022708702087402344e+01 -1.223513364791870117e+00 2.212166213989257812e+01
-2.022708702087402344e+01 1.223513364791870117e+00 2.212166213989257812e+01
-1.993213081359863281e+01 3.652698516845703125e+00 2.212166213989257812e+01
-1.934651947021484375e+01 6.028619289398193359e+00 2.212166213989257812e+01
-1.847879219055175781e+01 8.316628456115722656e+00 2.212166213989257812e+01
-1.734160041809082031e+01 1.048336315155029297e+01 2.212166213989257812e+01
-1.595153141021728516e+01 1.249722671508789062e+01 2.212166213989257812e+01
-1.432885265350341797e+01 1.432885265350341797e+01 2.212166213989257812e+01
-1.249722671508789062e+01 1.595153141021728516e+01 2.212166213989257812e+01
-1.048336315155029297e+01 1.734160041809082031e+01 2.212166213989257812e+01
-8.316628456115722656e+00 1.847879219055175781e+01 2.212166213989257812e+01
-6.028619289398193359e+00 1.934651947021484375e+01 2.212166213989257812e+01
-3.652698516845703125e+00 1.993213081359863281e+01 2.212166213989257812e+01
-1.223513364791870117e+00 2.022708702087402344e+01 2.212166213989257812e+01
1.199269294738769531e+00 1.829731369018554688e+01 2.374384307861328125e+01
3.577287912368774414e+00 1.798424148559570312e+01 2.374384307861328125e+01
5.894098281860351562e+00 1.736345291137695312e+01 2.374384307861328125e+01
8.110058784484863281e+00 1.644557189941406250e+01 2.374384307861328125e+01
1.018725395202636719e+01 1.524630355834960938e+01 2.374384307861328125e+01
1.209014320373535156e+01 1.378616523742675781e+01 2.374384307861328125e+01
1.378616523742675781e+01 1.209014320373535156e+01 2.374384307861328125e+01
1.524630355834960938e+01 1.018725395202636719e+01 2.374384307861328125e+01
1.644557189941406250e+01 8.110058784484863281e+00 2.374384307861328125e+01
1.736345291137695312e+01 5.894098281860351562e+00 2.374384307861328125e+01
1.798424148559570312e+01 3.577287912368774414e+00 2.374384307861328125e+01
1.829731369018554688e+01 1.199269294738769531e+00 2.374384307861328125e+01
1.829731369018554688e+01 -1.199269294738769531e+00 2.374384307861328125e+01
1.798424148559570312e+01 -3.577287912368774414e+00 2.374384307861328125e+01
1.736345291137695312e+01 -5.894098281860351562e+00 2.374384307861328125e+01
1.644557189941406250e+01 -8.110058784484863281e+00 2.374384307861328125e+01
1.524630355834960938e+01 -1.018725395202636719e+01 2.374384307861328125e+01
1.378616523742675781e+01 -1.209014320373535156e+01 2.374384307861328125e+01
1.209014320373535156e+01 -1.378616523742675781e+01 2.374384307861328125e+01
1.018725395202636719e+01 -1.524630355834960938e+01 2.374384307861328125e+01
8.110058784484863281e+00 -1.644557189941406250e+01 2.374384307861328125e+01
5.894098281860351562e+00 -1.736345291137695312e+01 2.374384307861328125e+01
3.577287912368774414e+00 -1.798424148559570312e+01 2.374384307861328125e+01
1.199269294738769531e+00 -1.829731369018554688e+01 2.374384307861328125e+01
-1.199269294738769531e+00 -1.829731369018554688e+01 2.374384307861328125e+01
-3.577287912368774414e+00 -1.798424148559570312e+01 2.374384307861328125e+01
-5.894098281860351562e+00 -1.736345291137695312e+01 2.374384307861328125e+01
-8.110058784484863281e+00 -1.644557189941406250e+01 2.374384307861328125e+01
-1.018725395202636719e+01 -1.524630355834960938e+01 2.374384307861328125e+01
-1.209014320373535156e+01 -1.378616523742675781e+01 2.374384307861328125e+01
-1.378616523742675781e+01 -1.209014320373535156e+01 2.374384307861328125e+01
-1.524630355834960938e+01 -1.018725395202636719e+01 2.374384307861328125e+01
-1.644557189941406250e+01 -8.110058784484863281e+00 2.374384307861328125e+01
-1.736345291137695312e+01 -5.894098281860351562e+00 2.374384307861328125e+01
-1.798424148559570312e+01 -3.577287912368774414e+00 2.374384307861328125e+01
-1.829731369018554688e+01 -1.199269294738769531e+00 2.374384307861328125e+01
-1.829731369018554688e+01 1.199269294738769531e+00 2.374384307861328125e+01
-1.798424148559570312e+01 3.577287912368774414e+00 2.374384307861328125e+01
-1.736345291137695312e+01 5.894098281860351562e+00 2.374384307861328125e+01
-1.644557189941406250e+01 8.110058784484863281e+00 2.374384307861328125e+01
-1.524630355834960938e+01 1.018725395202636719e+01 2.374384307861328125e+01
-1.378616523742675781e+01 1.209014320373535156e+01 2.374384307861328125e+01
-1.209014320373535156e+01 1.378616523742675781e+01 2.374384307861328125e+01
-1.018725395202636719e+01 1.524630355834960938e+01 2.374384307861328125e+01
-8.110058784484863281e+00 1.644557189941406250e+01 2.374384307861328125e+01
-5.894098281860351562e+00 1.736345291137695312e+01 2.374384307861328125e+01
-3.577287912368774414e+00 1.798424148559570312e+01 2.374384307861328125e+01
-1.199269294738769531e+00 1.829731369018554688e+01 2.374384307861328125e+01
1.157248616218566895e+00 1.618045043945312500e+01 2.523596191406250000e+01
3.448187828063964844e+00 1.585106372833251953e+01 2.523596191406250000e+01
5.668931484222412109e+00 1.519899368286132812e+01 2.523596191406250000e+01
7.774272441864013672e+00 1.423751735687255859e+01 2.523596191406250000e+01
9.721351623535156250e+00 1.298620510101318359e+01 2.523596191406250000e+01
1.147053241729736328e+01 1.147053241729736328e+01 2.523596191406250000e+01
1.298620510101318359e+01 9.721351623535156250e+00 2.523596191406250000e+01
1.423751735687255859e+01 7.774272441864013672e+00 2.523596191406250000e+01
1.519899368286132812e+01 5.668931484222412109e+00 2.523596191406250000e+01
1.585106372833251953e+01 3.448187828063964844e+00 2.523596191406250000e+01
1.618045043945312500e+01 1.157248616218566895e+00 2.523596191406250000e+01
1.618045043945312500e+01 -1.157248616218566895e+00 2.523596191406250000e+01
1.585106372833251953e+01 -3.448187828063964844e+00 2.523596191406250000e+01
1.519899368286132812e+01 -5.668931484222412109e+00 2.523596191406250000e+01
1.423751735687255859e+01 -7.774272441864013672e+00 2.523596191406250000e+01
1.298620510101318359e+01 -9.721351623535156250e+00 2.523596191406250000e+01
1.147053241729736328e+01 -1.147053241729736328e+01 2.523596191406250000e+01
9.721351623535156250e+00 -1.298620510101318359e+01 2.523596191406250000e+01
7.774272441864013672e+00 -1.423751735687255859e+01 2.523596191406250000e+01
5.668931484222412109e+00 -1.519899368286132812e+01 2.523596191406250000e+01
3.448187828063964844e+00 -1.585106372833251953e+01 2.523596191406250000e+01
1.157248616218566895e+00 -1.618045043945312500e+01 2.523596191406250000e+01
-1.157248616218566895e+00 -1.618045043945312500e+01 2.523596191406250000e+01
-3.448187828063964844e+00 -1.585106372833251953e+01 2.523596191406250000e+01
-5.668931484222412109e+00 -1.519899368286132812e+01 2.523596191406250000e+01
-7.774272441864013672e+00 -1.423751735687255859e+01 2.523596191406250000e+01
-9.721351623535156250e+00 -1.298620510101318359e+01 2.523596191406250000e+01
-1.147053241729736328e+01 -1.147053241729736328e+01 2.523596191406250000e+01
-1.298620510101318359e+01 -9.721351623535156250e+00 2.523596191406250000e+01
-1.423751735687255859e+01 -7.774272441864013672e+00 2.523596191406250000e+01
-1.519899368286132812e+01 -5.668931484222412109e+00 2.523596191406250000e+01
-1.585106372833251953e+01 -3.448187828063964844e+00 2.523596191406250000e+01
-1.618045043945312500e+01 -1.157248616218566895e+00 2.523596191406250000e+01
-1.618045043945312500e+01 1.157248616218566895e+00 2.523596191406250000e+01
-1.585106372833251953e+01 3.448187828063964844e+00 2.523596191406250000e+01
-1.519899368286132812e+01 5.668931484222412109e+00 2.523596191406250000e+01
-1.423751735687255859e+01 7.774272441864013672e+00 2.523596191406250000e+01
-1.298620510101318359e+01 9.721351623535156250e+00 2.523596191406250000e+01
-1.147053241729736328e+01 1.147053241729736328e+01 2.523596191406250000e+01
-9.721351623535156250e+00 1.298620510101318359e+01 2.523596191406250000e+01
-7.774272441864013672e+00 1.423751735687255859e+01 2.523596191406250000e+01
-5.668931484222412109e+00 1.519899368286132812e+01 2.523596191406250000e+01
-3.448187828063964844e+00 1.585106372833251953e+01 2.523596191406250000e+01
-1.157248616218566895e+00 1.618045043945312500e+01 2.523596191406250000e+01
1.220369696617126465e+00 1.394888973236083984e+01 2.653185272216796875e+01
3.624028921127319336e+00 1.352505970001220703e+01 2.653185272216796875e+01
5.917573928833007812e+00 1.269027805328369141e+01 2.653185272216796875e+01
8.031315803527832031e+00 1.146990776062011719e+01 2.653185272216796875e+01
9.901031494140625000e+00 9.901031494140625000e+00 2.653185272216796875e+01
1.146990776062011719e+01 8.031315803527832031e+00 2.653185272216796875e+01
1.269027805328369141e+01 5.917573928833007812e+00 2.653185272216796875e+01
1.352505970001220703e+01 3.624028921127319336e+00 2.653185272216796875e+01
1.394888973236083984e+01 1.220369696617126465e+00 2.653185272216796875e+01
1.394888973236083984e+01 -1.220369696617126465e+00 2.653185272216796875e+01
1.352505970001220703e+01 -3.624028921127319336e+00 2.653185272216796875e+01
1.269027805328369141e+01 -5.917573928833007812e+00 2.653185272216796875e+01
1.146990776062011719e+01 -8.031315803527832031e+00 2.653185272216796875e+01
9.901031494140625000e+00 -9.901031494140625000e+00 2.653185272216796875e+01
8.031315803527832031e+00 -1.146990776062011719e+01 2.653185272216796875e+01
5.917573928833007812e+00 -1.269027805328369141e+01 2.653185272216796875e+01
3.624028921127319336e+00 -1.352505970001220703e+01 2.653185272216796875e+01
1.220369696617126465e+00 -1.394888973236083984e+01 2.653185272216796875e+01
-1.220369696617126465e+00 -1.394888973236083984e+01 2.653185272216796875e+01
-3.624028921127319336e+00 -1.352505970001220703e+01 2.653185272216796875e+01
-5.917573928833007812e+00 -1.269027805328369141e+01 2.653185272216796875e+01
-8.031315803527832031e+00 -1.146990776062011719e+01 2.653185272216796875e+01
-9.901031494140625000e+00 -9.901031494140625000e+00 2.653185272216796875e+01
-1.146990776062011719e+01 -8.031315803527832031e+00 2.653185272216796875e+01
-1.269027805328369141e+01 -5.917573928833007812e+00 2.653185272216796875e+01
-1.352505970001220703e+01 -3.624028921127319336e+00 2.653185272216796875e+01
-1.394888973236083984e+01 -1.220369696617126465e+00 2.653185272216796875e+01
-1.394888973236083984e+01 1.220369696617126465e+00 2.653185272216796875e+01
-1.352505970001220703e+01 3.624028921127319336e+00 2.653185272216796875e+01
-1.269027805328369141e+01 5.917573928833007812e+00 2.653185272216796875e+01
-1.146990776062011719e+01 8.031315803527832031e+00 2.653185272216796875e+01
-9.901031494140625000e+00 9.901031494140625000e+00 2.653185272216796875e+01
-8.031315803527832031e+00 1.146990776062011719e+01 2.653185272216796875e+01
-5.917573928833007812e+00 1.269027805328369141e+01 2.653185272216796875e+01
-3.624028921127319336e+00 1.352505970001220703e+01 2.653185272216796875e+01
-1.220369696617126465e+00 1.394888973236083984e+01 2.653185272216796875e+01
1.143464922904968262e+00 1.160979461669921875e+01 2.763883399963378906e+01
3.386451959609985352e+00 1.116363620758056641e+01 2.763883399963378906e+01
5.499299526214599609e+00 1.028846645355224609e+01 2.763883399963378906e+01
7.400812625885009766e+00 9.017915725708007812e+00 2.763883399963378906e+01
9.017915725708007812e+00 7.400812625885009766e+00 2.763883399963378906e+01
1.028846645355224609e+01 5.499299526214599609e+00 2.763883399963378906e+01
1.116363620758056641e+01 3.386451959609985352e+00 2.763883399963378906e+01
1.160979461669921875e+01 1.143464922904968262e+00 2.763883399963378906e+01
1.160979461669921875e+01 -1.143464922904968262e+00 2.763883399963378906e+01
1.116363620758056641e+01 -3.386451959609985352e+00 2.763883399963378906e+01
1.028846645355224609e+01 -5.499299526214599609e+00 2.763883399963378906e+01
9.017915725708007812e+00 -7.400812625885009766e+00 2.763883399963378906e+01
7.400812625885009766e+00 -9.017915725708007812e+00 2.763883399963378906e+01
5.499299526214599609e+00 -1.028846645355224609e+01 2.763883399963378906e+01
3.386451959609985352e+00 -1.116363620758056641e+01 2.763883399963378906e+01
1.143464922904968262e+00 -1.160979461669921875e+01 2.763883399963378906e+01
-1.143464922904968262e+00 -1.160979461669921875e+01 2.763883399963378906e+01
-3.386451959609985352e+00 -1.116363620758056641e+01 2.763883399963378906e+01
-5.499299526214599609e+00 -1.028846645355224609e+01 2.763883399963378906e+01
-7.400812625885009766e+00 -9.017915725708007812e+00 2.763883399963378906e+01
-9.017915725708007812e+00 -7.400812625885009766e+00 2.763883399963378906e+01
-1.028846645355224609e+01 -5.499299526214599609e+00 2.763883399963378906e+01
-1.116363620758056641e+01 -3.386451959609985352e+00 2.763883399963378906e+01
-1.160979461669921875e+01 -1.143464922904968262e+00 2.763883399963378906e+01
-1.160979461669921875e+01 1.143464922904968262e+00 2.763883399963378906e+01
-1.116363620758056641e+01 3.386451959609985352e+00 2.763883399963378906e+01
-1.028846645355224609e+01 5.499299526214599609e+00 2.763883399963378906e+01
-9.017915725708007812e+00 7.400812625885009766e+00 2.763883399963378906e+01
-7.400812625885009766e+00 9.017915725708007812e+00 2.763883399963378906e+01
-5.499299526214599609e+00 1.028846645355224609e+01 2.763883399963378906e+01
-3.386451959609985352e+00 1.116363620758056641e+01 2.763883399963378906e+01
-1.143464922904968262e+00 1.160979461669921875e+01 2.763883399963378906e+01
1.204235911369323730e+00 9.147080421447753906e+00 2.854611587524414062e+01
3.530641317367553711e+00 8.523721694946289062e+00 2.854611587524414062e+01
5.616438865661621094e+00 7.319486141204833984e+00 2.854611587524414062e+01
7.319486141204833984e+00 5.616438865661621094e+00 2.854611587524414062e+01
8.523721694946289062e+00 3.530641317367553711e+00 2.854611587524414062e+01
9.147080421447753906e+00 1.204235911369323730e+00 2.854611587524414062e+01
9.147080421447753906e+00 -1.204235911369323730e+00 2.854611587524414062e+01
8.523721694946289062e+00 -3.530641317367553711e+00 2.854611587524414062e+01
7.319486141204833984e+00 -5.616438865661621094e+00 2.854611587524414062e+01
5.616438865661621094e+00 -7.319486141204833984e+00 2.854611587524414062e+01
3.530641317367553711e+00 -8.523721694946289062e+00 2.854611587524414062e+01
1.204235911369323730e+00 -9.147080421447753906e+00 2.854611587524414062e+01
-1.204235911369323730e+00 -9.147080421447753906e+00 2.854611587524414062e+01
-3.530641317367553711e+00 -8.523721694946289062e+00 2.854611587524414062e+01
-5.616438865661621094e+00 -7.319486141204833984e+00 2.854611587524414062e+01
-7.319486141204833984e+00 -5.616438865661621094e+00 2.854611587524414062e+01
-8.523721694946289062e+00 -3.530641317367553711e+00 2.854611587524414062e+01
-9.147080421447753906e+00 -1.204235911369323730e+00 2.854611587524414062e+01
-9.147080421447753906e+00 1.204235911369323730e+00 2.854611587524414062e+01
-8.523721694946289062e+00 3.530641317367553711e+00 2.854611587524414062e+01
-7.319486141204833984e+00 5.616438865661621094e+00 2.854611587524414062e+01
-5.616438865661621094e+00 7.319486141204833984e+00 2.854611587524414062e+01
-3.530641317367553711e+00 8.523721694946289062e+00 2.854611587524414062e+01
-1.204235911369323730e+00 9.147080421447753906e+00 2.854611587524414062e+01
1.026906847953796387e+00 6.483634471893310547e+00 2.927298927307128906e+01
2.980199575424194336e+00 5.848970890045166016e+00 2.927298927307128906e+01
4.641769886016845703e+00 4.641769886016845703e+00 2.927298927307128906e+01
5.848970890045166016e+00 2.980199575424194336e+00 2.927298927307128906e+01
6.483634471893310547e+00 1.026906847953796387e+00 2.927298927307128906e+01
6.483634471893310547e+00 -1.026906847953796387e+00 2.927298927307128906e+01
5.848970890045166016e+00 -2.980199575424194336e+00 2.927298927307128906e+01
4.641769886016845703e+00 -4.641769886016845703e+00 2.927298927307128906e+01
2.980199575424194336e+00 -5.848970890045166016e+00 2.927298927307128906e+01
1.026906847953796387e+00 -6.483634471893310547e+00 2.927298927307128906e+01
-1.026906847953796387e+00 -6.483634471893310547e+00 2.927298927307128906e+01
-2.980199575424194336e+00 -5.848970890045166016e+00 2.927298927307128906e+01
-4.641769886016845703e+00 -4.641769886016845703e+00 2.927298927307128906e+01
-5.848970890045166016e+00 -2.980199575424194336e+00 2.927298927307128906e+01
-6.483634471893310547e+00 -1.026906847953796387e+00 2.927298927307128906e+01
-6.483634471893310547e+00 1.026906847953796387e+00 2.927298927307128906e+01
-5.848970890045166016e+00 2.980199575424194336e+00 2.927298927307128906e+01
-4.641769886016845703e+00 4.641769886016845703e+00 2.927298927307128906e+01
-2.980199575424194336e+00 5.848970890045166016e+00 2.927298927307128906e+01
-1.026906847953796387e+00 6.483634471893310547e+00 2.927298927307128906e+01
