1.223513364791870117e+00 2.022708702087402344e+01 2.212166213989257812e+01
2.442560434341430664e+00 2.011631202697753906e+01 2.212166595458984375e+01
3.652698516845703125e+00 1.993213081359863281e+01 2.212166213989257812e+01
4.849505424499511719e+00 1.967522239685058594e+01 2.212166595458984375e+01
6.028619289398193359e+00 1.934651947021484375e+01 2.212166213989257812e+01
7.185734748840332031e+00 1.894722366333007812e+01 2.212166595458984375e+01
8.316628456115722656e+00 1.847879219055175781e+01 2.212166213989257812e+01
9.417179107666015625e+00 1.794293212890625000e+01 2.212166595458984375e+01
1.048336315155029297e+01 1.734160041809082031e+01 2.212166213989257812e+01
1.151129627227783203e+01 1.667699241638183594e+01 2.212166595458984375e+01
1.249722671508789062e+01 1.595153141021728516e+01 2.212166213989257812e+01
1.343755531311035156e+01 1.516786479949951172e+01 2.212166595458984375e+01
1.432885265350341797e+01 1.432885265350341797e+01 2.212166213989257812e+01
1.516786479949951172e+01 1.343755817413330078e+01 2.212166595458984375e+01
1.595153141021728516e+01 1.249722671508789062e+01 2.212166213989257812e+01
1.667699241638183594e+01 1.151129627227783203e+01 2.212166595458984375e+01
1.734160041809082031e+01 1.048336315155029297e+01 2.212166213989257812e+01
1.794293022155761719e+01 9.417178153991699219e+00 2.212166595458984375e+01
1.847879219055175781e+01 8.316628456115722656e+00 2.212166213989257812e+01
1.894722366333007812e+01 7.185734272003173828e+00 2.212166595458984375e+01
1.934651947021484375e+01 6.028619289398193359e+00 2.212166213989257812e+01
1.967522239685058594e+01 4.849506855010986328e+00 2.212166595458984375e+01
1.993213081359863281e+01 3.652698516845703125e+00 2.212166213989257812e+01
2.011631011962890625e+01 2.442562103271484375e+00 2.212166595458984375e+01
2.022708702087402344e+01 1.223513364791870117e+00 2.212166213989257812e+01
2.026406097412109375e+01 0.000000000000000000e+00 2.212166595458984375e+01
2.022708702087402344e+01 -1.223513364791870117e+00 2.212166213989257812e+01
2.011631202697753906e+01 -2.442562341690063477e+00 2.212166595458984375e+01
1.993213081359863281e+01 -3.652698516845703125e+00 2.212166213989257812e+01
1.967522239685058594e+01 -4.849506855010986328e+00 2.212166595458984375e+01
1.934651947021484375e+01 -6.028619289398193359e+00 2.212166213989257812e+01
1.894722366333007812e+01 -7.185734272003173828e+00 2.212166595458984375e+01
1.847879219055175781e+01 -8.316628456115722656e+00 2.212166213989257812e+01
1.794293212890625000e+01 -9.417179107666015625e+00 2.212166595458984375e+01
1.734160041809082031e+01 -1.048336315155029297e+01 2.212166213989257812e+01
1.667699241638183594e+01 -1.151129627227783203e+01 2.212166595458984375e+01
1.595153141021728516e+01 -1.249722671508789062e+01 2.212166213989257812e+01
1.516786384582519531e+01 -1.343755626678466797e+01 2.212166595458984375e+01
1.432885265350341797e+01 -1.432885265350341797e+01 2.212166213989257812e+01
1.343755626678466797e+01 -1.516786670684814453e+01 2.212166595458984375e+01
1.249722671508789062e+01 -1.595153141021728516e+01 2.212166213989257812e+01
1.151129627227783203e+01 -1.667699241638183594e+01 2.212166595458984375e+01
1.048336315155029297e+01 -1.734160041809082031e+01 2.212166213989257812e+01
9.417178153991699219e+00 -1.794293022155761719e+01 2.212166595458984375e+01
8.316628456115722656e+00 -1.847879219055175781e+01 2.212166213989257812e+01
7.185734748840332031e+00 -1.894722366333007812e+01 2.212166595458984375e+01
6.028619289398193359e+00 -1.934651947021484375e+01 2.212166213989257812e+01
4.849505424499511719e+00 -1.967522239685058594e+01 2.212166595458984375e+01
3.652698516845703125e+00 -1.993213081359863281e+01 2.212166213989257812e+01
2.442560195922851562e+00 -2.011631011962890625e+01 2.212166595458984375e+01
1.223513364791870117e+00 -2.022708702087402344e+01 2.212166213989257812e+01
-8.857702482600871008e-07 -2.026406097412109375e+01 2.212166595458984375e+01
-1.223513364791870117e+00 -2.022708702087402344e+01 2.212166213989257812e+01
-2.442562103271484375e+00 -2.011631202697753906e+01 2.212166595458984375e+01
-3.652698516845703125e+00 -1.993213081359863281e+01 2.212166213989257812e+01
-4.849507331848144531e+00 -1.967522239685058594e+01 2.212166595458984375e+01
-6.028619289398193359e+00 -1.934651947021484375e+01 2.212166213989257812e+01
-7.185734748840332031e+00 -1.894722366333007812e+01 2.212166595458984375e+01
-8.316628456115722656e+00 -1.847879219055175781e+01 2.212166213989257812e+01
-9.417179107666015625e+00 -1.794293212890625000e+01 2.212166595458984375e+01
-1.048336315155029297e+01 -1.734160041809082031e+01 2.212166213989257812e+01
-1.151129531860351562e+01 -1.667699241638183594e+01 2.212166595458984375e+01
-1.249722671508789062e+01 -1.595153141021728516e+01 2.212166213989257812e+01
-1.343755531311035156e+01 -1.516786479949951172e+01 2.212166595458984375e+01
-1.432885265350341797e+01 -1.432885265350341797e+01 2.212166213989257812e+01
-1.516786670684814453e+01 -1.343755626678466797e+01 2.212166595458984375e+01
-1.595153141021728516e+01 -1.249722671508789062e+01 2.212166213989257812e+01
-1.667699241638183594e+01 -1.151129531860351562e+01 2.212166595458984375e+01
-1.734160041809082031e+01 -1.048336315155029297e+01 2.212166213989257812e+01
-1.794293212890625000e+01 -9.417174339294433594e+00 2.212166595458984375e+01
-1.847879219055175781e+01 -8.316628456115722656e+00 2.212166213989257812e+01
-1.894722557067871094e+01 -7.185730934143066406e+00 2.212166595458984375e+01
-1.934651947021484375e+01 -6.028619289398193359e+00 2.212166213989257812e+01
-1.967522430419921875e+01 -4.849501609802246094e+00 2.212166595458984375e+01
-1.993213081359863281e+01 -3.652698516845703125e+00 2.212166213989257812e+01
-2.011631011962890625e+01 -2.442561388015747070e+00 2.212166595458984375e+01
-2.022708702087402344e+01 -1.223513364791870117e+00 2.212166213989257812e+01
-2.026406097412109375e+01 0.000000000000000000e+00 2.212166595458984375e+01
-2.022708702087402344e+01 1.223513364791870117e+00 2.212166213989257812e+01
-2.011631202697753906e+01 2.442561626434326172e+00 2.212166595458984375e+01
-1.993213081359863281e+01 3.652698516845703125e+00 2.212166213989257812e+01
-1.967522430419921875e+01 4.849501609802246094e+00 2.212166595458984375e+01
-1.934651947021484375e+01 6.028619289398193359e+00 2.212166213989257812e+01
-1.894722557067871094e+01 7.185730934143066406e+00 2.212166595458984375e+01
-1.847879219055175781e+01 8.316628456115722656e+00 2.212166213989257812e+01
-1.794293403625488281e+01 9.417175292968750000e+00 2.212166595458984375e+01
-1.734160041809082031e+01 1.048336315155029297e+01 2.212166213989257812e+01
-1.667699241638183594e+01 1.151129531860351562e+01 2.212166595458984375e+01
-1.595153141021728516e+01 1.249722671508789062e+01 2.212166213989257812e+01
-1.516786479949951172e+01 1.343755531311035156e+01 2.212166595458984375e+01
-1.432885265350341797e+01 1.432885265350341797e+01 2.212166213989257812e+01
-1.343755626678466797e+01 1.516786670684814453e+01 2.212166595458984375e+01
-1.249722671508789062e+01 1.595153141021728516e+01 2.212166213989257812e+01
-1.151129531860351562e+01 1.667699241638183594e+01 2.212166595458984375e+01
-1.048336315155029297e+01 1.734160041809082031e+01 2.212166213989257812e+01
-9.417179107666015625e+00 1.794293022155761719e+01 2.212166595458984375e+01
-8.316628456115722656e+00 1.847879219055175781e+01 2.212166213989257812e+01
-7.185734748840332031e+00 1.894722366333007812e+01 2.212166595458984375e+01
-6.028619289398193359e+00 1.934651947021484375e+01 2.212166213989257812e+01
-4.849507331848144531e+00 1.967522239685058594e+01 2.212166595458984375e+01
-3.652698516845703125e+00 1.993213081359863281e+01 2.212166213989257812e+01
-2.442561864852905273e+00 2.011631011962890625e+01 2.212166595458984375e+01
-1.223513364791870117e+00 2.022708702087402344e+01 2.212166213989257812e+01
5.101064220070838928e-02 2.026399612426757812e+01 2.212166595458984375e+01
1.199269294738769531e+00 1.829731369018554688e+01 2.374384307861328125e+01
2.393402099609375000e+00 1.817970275878906250e+01 2.374384498596191406e+01
3.577287912368774414e+00 1.798424148559570312e+01 2.374384307861328125e+01
4.745852947235107422e+00 1.771177101135253906e+01 2.374384498596191406e+01
5.894098281860351562e+00 1.736345291137695312e+01 2.374384307861328125e+01
7.017103195190429688e+00 1.694078636169433594e+01 2.374384498596191406e+01
8.110058784484863281e+00 1.644557189941406250e+01 2.374384307861328125e+01
9.168285369873046875e+00 1.587994003295898438e+01 2.374384498596191406e+01
1.018725395202636719e+01 1.524630355834960938e+01 2.374384307861328125e+01
1.116259765625000000e+01 1.454738235473632812e+01 2.374384498596191406e+01
1.209014320373535156e+01 1.378616523742675781e+01 2.374384307861328125e+01
1.296591663360595703e+01 1.296591758728027344e+01 2.374384498596191406e+01
1.378616523742675781e+01 1.209014320373535156e+01 2.374384307861328125e+01
1.454738330841064453e+01 1.116259956359863281e+01 2.374384498596191406e+01
1.524630355834960938e+01 1.018725395202636719e+01 2.374384307861328125e+01
1.587993812561035156e+01 9.168286323547363281e+00 2.374384498596191406e+01
1.644557189941406250e+01 8.110058784484863281e+00 2.374384307861328125e+01
1.694078636169433594e+01 7.017103195190429688e+00 2.374384498596191406e+01
1.736345291137695312e+01 5.894098281860351562e+00 2.374384307861328125e+01
1.771176910400390625e+01 4.745854377746582031e+00 2.374384498596191406e+01
1.798424148559570312e+01 3.577287912368774414e+00 2.374384307861328125e+01
1.817970085144042969e+01 2.393403291702270508e+00 2.374384498596191406e+01
1.829731369018554688e+01 1.199269294738769531e+00 2.374384307861328125e+01
1.833657455444335938e+01 0.000000000000000000e+00 2.374384498596191406e+01
1.829731369018554688e+01 -1.199269294738769531e+00 2.374384307861328125e+01
1.817970275878906250e+01 -2.393403530120849609e+00 2.374384498596191406e+01
1.798424148559570312e+01 -3.577287912368774414e+00 2.374384307861328125e+01
1.771176910400390625e+01 -4.745854377746582031e+00 2.374384498596191406e+01
1.736345291137695312e+01 -5.894098281860351562e+00 2.374384307861328125e+01
1.694078636169433594e+01 -7.017103195190429688e+00 2.374384498596191406e+01
1.644557189941406250e+01 -8.110058784484863281e+00 2.374384307861328125e+01
1.587993812561035156e+01 -9.168286323547363281e+00 2.374384498596191406e+01
1.524630355834960938e+01 -1.018725395202636719e+01 2.374384307861328125e+01
1.454738235473632812e+01 -1.116259860992431641e+01 2.374384498596191406e+01
1.378616523742675781e+01 -1.209014320373535156e+01 2.374384307861328125e+01
1.296591663360595703e+01 -1.296591758728027344e+01 2.374384498596191406e+01
1.209014320373535156e+01 -1.378616523742675781e+01 2.374384307861328125e+01
1.116259860992431641e+01 -1.454738330841064453e+01 2.374384498596191406e+01
1.018725395202636719e+01 -1.524630355834960938e+01 2.374384307861328125e+01
9.168285369873046875e+00 -1.587994003295898438e+01 2.374384498596191406e+01
8.110058784484863281e+00 -1.644557189941406250e+01 2.374384307861328125e+01
7.017103195190429688e+00 -1.694078636169433594e+01 2.374384498596191406e+01
5.894098281860351562e+00 -1.736345291137695312e+01 2.374384307861328125e+01
4.745852947235107422e+00 -1.771177101135253906e+01 2.374384498596191406e+01
3.577287912368774414e+00 -1.798424148559570312e+01 2.374384307861328125e+01
2.393401861190795898e+00 -1.817970085144042969e+01 2.374384498596191406e+01
1.199269294738769531e+00 -1.829731369018554688e+01 2.374384307861328125e+01
-8.015171601982729044e-07 -1.833657455444335938e+01 2.374384498596191406e+01
-1.199269294738769531e+00 -1.829731369018554688e+01 2.374384307861328125e+01
-2.393403768539428711e+00 -1.817970275878906250e+01 2.374384498596191406e+01
-3.577287912368774414e+00 -1.798424148559570312e+01 2.374384307861328125e+01
-4.745853900909423828e+00 -1.771176910400390625e+01 2.374384498596191406e+01
-5.894098281860351562e+00 -1.736345291137695312e+01 2.374384307861328125e+01
-7.017103672027587891e+00 -1.694078445434570312e+01 2.374384498596191406e+01
-8.110058784484863281e+00 -1.644557189941406250e+01 2.374384307861328125e+01
-9.168287277221679688e+00 -1.587993812561035156e+01 2.374384498596191406e+01
-1.018725395202636719e+01 -1.524630355834960938e+01 2.374384307861328125e+01
-1.116259956359863281e+01 -1.454738044738769531e+01 2.374384498596191406e+01
-1.209014320373535156e+01 -1.378616523742675781e+01 2.374384307861328125e+01
-1.296591663360595703e+01 -1.296591758728027344e+01 2.374384498596191406e+01
-1.378616523742675781e+01 -1.209014320373535156e+01 2.374384307861328125e+01
-1.454738616943359375e+01 -1.116259765625000000e+01 2.374384498596191406e+01
-1.524630355834960938e+01 -1.018725395202636719e+01 2.374384307861328125e+01
-1.587993812561035156e+01 -9.168287277221679688e+00 2.374384498596191406e+01
-1.644557189941406250e+01 -8.110058784484863281e+00 2.374384307861328125e+01
-1.694078636169433594e+01 -7.017099857330322266e+00 2.374384498596191406e+01
-1.736345291137695312e+01 -5.894098281860351562e+00 2.374384307861328125e+01
-1.771176910400390625e+01 -4.745855808258056641e+00 2.374384498596191406e+01
-1.798424148559570312e+01 -3.577287912368774414e+00 2.374384307861328125e+01
-1.817970085144042969e+01 -2.393401145935058594e+00 2.374384498596191406e+01
-1.829731369018554688e+01 -1.199269294738769531e+00 2.374384307861328125e+01
-1.833657455444335938e+01 0.000000000000000000e+00 2.374384498596191406e+01
-1.829731369018554688e+01 1.199269294738769531e+00 2.374384307861328125e+01
-1.817970275878906250e+01 2.393401145935058594e+00 2.374384498596191406e+01
-1.798424148559570312e+01 3.577287912368774414e+00 2.374384307861328125e+01
-1.771176910400390625e+01 4.745855808258056641e+00 2.374384498596191406e+01
-1.736345291137695312e+01 5.894098281860351562e+00 2.374384307861328125e+01
-1.694078636169433594e+01 7.017099857330322266e+00 2.374384498596191406e+01
-1.644557189941406250e+01 8.110058784484863281e+00 2.374384307861328125e+01
-1.587993812561035156e+01 9.168287277221679688e+00 2.374384498596191406e+01
-1.524630355834960938e+01 1.018725395202636719e+01 2.374384307861328125e+01
-1.454738426208496094e+01 1.116259670257568359e+01 2.374384498596191406e+01
-1.378616523742675781e+01 1.209014320373535156e+01 2.374384307861328125e+01
-1.296591663360595703e+01 1.296591758728027344e+01 2.374384498596191406e+01
-1.209014320373535156e+01 1.378616523742675781e+01 2.374384307861328125e+01
-1.116260147094726562e+01 1.454738235473632812e+01 2.374384498596191406e+01
-1.018725395202636719e+01 1.524630355834960938e+01 2.374384307861328125e+01
-9.168287277221679688e+00 1.587993812561035156e+01 2.374384498596191406e+01
-8.110058784484863281e+00 1.644557189941406250e+01 2.374384307861328125e+01
-7.017103672027587891e+00 1.694078445434570312e+01 2.374384498596191406e+01
-5.894098281860351562e+00 1.736345291137695312e+01 2.374384307861328125e+01
-4.745853900909423828e+00 1.771176910400390625e+01 2.374384498596191406e+01
-3.577287912368774414e+00 1.798424148559570312e+01 2.374384307861328125e+01
-2.393403530120849609e+00 1.817970085144042969e+01 2.374384498596191406e+01
-1.199269294738769531e+00 1.829731369018554688e+01 2.374384307861328125e+01
5.455018952488899231e-02 1.833649444580078125e+01 2.374384498596191406e+01
1.157248616218566895e+00 1.618045043945312500e+01 2.523596191406250000e+01
2.308598756790161133e+00 1.605666732788085938e+01 2.523596382141113281e+01
3.448187828063964844e+00 1.585106372833251953e+01 2.523596191406250000e+01
4.570204734802246094e+00 1.556468772888183594e+01 2.523596382141113281e+01
5.668931484222412109e+00 1.519899368286132812e+01 2.523596191406250000e+01
6.738770961761474609e+00 1.475585269927978516e+01 2.523596382141113281e+01
7.774272441864013672e+00 1.423751735687255859e+01 2.523596191406250000e+01
8.770156860351562500e+00 1.364663219451904297e+01 2.523596382141113281e+01
9.721351623535156250e+00 1.298620510101318359e+01 2.523596191406250000e+01
1.062300682067871094e+01 1.225960540771484375e+01 2.523596382141113281e+01
1.147053241729736328e+01 1.147053241729736328e+01 2.523596191406250000e+01
1.225960636138916016e+01 1.062300968170166016e+01 2.523596382141113281e+01
1.298620510101318359e+01 9.721351623535156250e+00 2.523596191406250000e+01
1.364663124084472656e+01 8.770157814025878906e+00 2.523596382141113281e+01
1.423751735687255859e+01 7.774272441864013672e+00 2.523596191406250000e+01
1.475585269927978516e+01 6.738771438598632812e+00 2.523596382141113281e+01
1.519899368286132812e+01 5.668931484222412109e+00 2.523596191406250000e+01
1.556468582153320312e+01 4.570204257965087891e+00 2.523596382141113281e+01
1.585106372833251953e+01 3.448187828063964844e+00 2.523596191406250000e+01
1.605666923522949219e+01 2.308600425720214844e+00 2.523596382141113281e+01
1.618045043945312500e+01 1.157248616218566895e+00 2.523596191406250000e+01
1.622178268432617188e+01 0.000000000000000000e+00 2.523596382141113281e+01
1.618045043945312500e+01 -1.157248616218566895e+00 2.523596191406250000e+01
1.605666732788085938e+01 -2.308600425720214844e+00 2.523596382141113281e+01
1.585106372833251953e+01 -3.448187828063964844e+00 2.523596191406250000e+01
1.556468772888183594e+01 -4.570204734802246094e+00 2.523596382141113281e+01
1.519899368286132812e+01 -5.668931484222412109e+00 2.523596191406250000e+01
1.475585269927978516e+01 -6.738771438598632812e+00 2.523596382141113281e+01
1.423751735687255859e+01 -7.774272441864013672e+00 2.523596191406250000e+01
1.364663124084472656e+01 -8.770157814025878906e+00 2.523596382141113281e+01
1.298620510101318359e+01 -9.721351623535156250e+00 2.523596191406250000e+01
1.225960540771484375e+01 -1.062300777435302734e+01 2.523596382141113281e+01
1.147053241729736328e+01 -1.147053241729736328e+01 2.523596191406250000e+01
1.062300872802734375e+01 -1.225960731506347656e+01 2.523596382141113281e+01
9.721351623535156250e+00 -1.298620510101318359e+01 2.523596191406250000e+01
8.770156860351562500e+00 -1.364663219451904297e+01 2.523596382141113281e+01
7.774272441864013672e+00 -1.423751735687255859e+01 2.523596191406250000e+01
6.738770961761474609e+00 -1.475585269927978516e+01 2.523596382141113281e+01
5.668931484222412109e+00 -1.519899368286132812e+01 2.523596191406250000e+01
4.570204257965087891e+00 -1.556468582153320312e+01 2.523596382141113281e+01
3.448187828063964844e+00 -1.585106372833251953e+01 2.523596191406250000e+01
2.308598995208740234e+00 -1.605666923522949219e+01 2.523596382141113281e+01
1.157248616218566895e+00 -1.618045043945312500e+01 2.523596191406250000e+01
-7.090765734574233647e-07 -1.622178268432617188e+01 2.523596382141113281e+01
-1.157248616218566895e+00 -1.618045043945312500e+01 2.523596191406250000e+01
-2.308600425720214844e+00 -1.605666732788085938e+01 2.523596382141113281e+01
-3.448187828063964844e+00 -1.585106372833251953e+01 2.523596191406250000e+01
-4.570205211639404297e+00 -1.556468772888183594e+01 2.523596382141113281e+01
-5.668931484222412109e+00 -1.519899368286132812e+01 2.523596191406250000e+01
-6.738771438598632812e+00 -1.475585269927978516e+01 2.523596382141113281e+01
-7.774272441864013672e+00 -1.423751735687255859e+01 2.523596191406250000e+01
-8.770156860351562500e+00 -1.364663219451904297e+01 2.523596382141113281e+01
-9.721351623535156250e+00 -1.298620510101318359e+01 2.523596191406250000e+01
-1.062301063537597656e+01 -1.225960350036621094e+01 2.523596382141113281e+01
-1.147053241729736328e+01 -1.147053241729736328e+01 2.523596191406250000e+01
-1.225960731506347656e+01 -1.062300872802734375e+01 2.523596382141113281e+01
-1.298620510101318359e+01 -9.721351623535156250e+00 2.523596191406250000e+01
-1.364663219451904297e+01 -8.770156860351562500e+00 2.523596382141113281e+01
-1.423751735687255859e+01 -7.774272441864013672e+00 2.523596191406250000e+01
-1.475585365295410156e+01 -6.738768100738525391e+00 2.523596382141113281e+01
-1.519899368286132812e+01 -5.668931484222412109e+00 2.523596191406250000e+01
-1.556468582153320312e+01 -4.570204734802246094e+00 2.523596382141113281e+01
-1.585106372833251953e+01 -3.448187828063964844e+00 2.523596191406250000e+01
-1.605666923522949219e+01 -2.308598279953002930e+00 2.523596382141113281e+01
-1.618045043945312500e+01 -1.157248616218566895e+00 2.523596191406250000e+01
-1.622178268432617188e+01 0.000000000000000000e+00 2.523596382141113281e+01
-1.618045043945312500e+01 1.157248616218566895e+00 2.523596191406250000e+01
-1.605666732788085938e+01 2.308598041534423828e+00 2.523596382141113281e+01
-1.585106372833251953e+01 3.448187828063964844e+00 2.523596191406250000e+01
-1.556468772888183594e+01 4.570205211639404297e+00 2.523596382141113281e+01
-1.519899368286132812e+01 5.668931484222412109e+00 2.523596191406250000e+01
-1.475585365295410156e+01 6.738768100738525391e+00 2.523596382141113281e+01
-1.423751735687255859e+01 7.774272441864013672e+00 2.523596191406250000e+01
-1.364663219451904297e+01 8.770156860351562500e+00 2.523596382141113281e+01
-1.298620510101318359e+01 9.721351623535156250e+00 2.523596191406250000e+01
-1.225960540771484375e+01 1.062300682067871094e+01 2.523596382141113281e+01
-1.147053241729736328e+01 1.147053241729736328e+01 2.523596191406250000e+01
-1.062301158905029297e+01 1.225960445404052734e+01 2.523596382141113281e+01
-9.721351623535156250e+00 1.298620510101318359e+01 2.523596191406250000e+01
-8.770156860351562500e+00 1.364663219451904297e+01 2.523596382141113281e+01
-7.774272441864013672e+00 1.423751735687255859e+01 2.523596191406250000e+01
-6.738771438598632812e+00 1.475585269927978516e+01 2.523596382141113281e+01
-5.668931484222412109e+00 1.519899368286132812e+01 2.523596191406250000e+01
-4.570204734802246094e+00 1.556468582153320312e+01 2.523596382141113281e+01
-3.448187828063964844e+00 1.585106372833251953e+01 2.523596191406250000e+01
-2.308600425720214844e+00 1.605666923522949219e+01 2.523596382141113281e+01
-1.157248616218566895e+00 1.618045043945312500e+01 2.523596191406250000e+01
1.286895424127578735e-01 1.622127151489257812e+01 2.523596382141113281e+01
1.220369696617126465e+00 1.394888973236083984e+01 2.653185272216796875e+01
2.431452512741088867e+00 1.378944778442382812e+01 2.653185272216796875e+01
3.624028921127319336e+00 1.352505970001220703e+01 2.653185272216796875e+01
4.789025306701660156e+00 1.315773773193359375e+01 2.653185272216796875e+01
5.917573928833007812e+00 1.269027805328369141e+01 2.653185272216796875e+01
7.001086235046386719e+00 1.212623786926269531e+01 2.653185272216796875e+01
8.031315803527832031e+00 1.146990776062011719e+01 2.653185272216796875e+01
9.000422477722167969e+00 1.072628688812255859e+01 2.653185272216796875e+01
9.901031494140625000e+00 9.901031494140625000e+00 2.653185272216796875e+01
1.072628784179687500e+01 9.000424385070800781e+00 2.653185272216796875e+01
1.146990776062011719e+01 8.031315803527832031e+00 2.653185272216796875e+01
1.212623691558837891e+01 7.001085758209228516e+00 2.653185272216796875e+01
1.269027805328369141e+01 5.917573928833007812e+00 2.653185272216796875e+01
1.315773868560791016e+01 4.789025306701660156e+00 2.653185272216796875e+01
1.352505970001220703e+01 3.624028921127319336e+00 2.653185272216796875e+01
1.378944778442382812e+01 2.431452035903930664e+00 2.653185272216796875e+01
1.394888973236083984e+01 1.220369696617126465e+00 2.653185272216796875e+01
1.400217247009277344e+01 0.000000000000000000e+00 2.653185272216796875e+01
1.394888973236083984e+01 -1.220369696617126465e+00 2.653185272216796875e+01
1.378944778442382812e+01 -2.431452035903930664e+00 2.653185272216796875e+01
1.352505970001220703e+01 -3.624028921127319336e+00 2.653185272216796875e+01
1.315773773193359375e+01 -4.789024829864501953e+00 2.653185272216796875e+01
1.269027805328369141e+01 -5.917573928833007812e+00 2.653185272216796875e+01
1.212623786926269531e+01 -7.001086711883544922e+00 2.653185272216796875e+01
1.146990776062011719e+01 -8.031315803527832031e+00 2.653185272216796875e+01
1.072628688812255859e+01 -9.000423431396484375e+00 2.653185272216796875e+01
9.901031494140625000e+00 -9.901031494140625000e+00 2.653185272216796875e+01
9.000423431396484375e+00 -1.072628784179687500e+01 2.653185272216796875e+01
8.031315803527832031e+00 -1.146990776062011719e+01 2.653185272216796875e+01
7.001085281372070312e+00 -1.212623786926269531e+01 2.653185272216796875e+01
5.917573928833007812e+00 -1.269027805328369141e+01 2.653185272216796875e+01
4.789025783538818359e+00 -1.315773868560791016e+01 2.653185272216796875e+01
3.624028921127319336e+00 -1.352505970001220703e+01 2.653185272216796875e+01
2.431452512741088867e+00 -1.378944778442382812e+01 2.653185272216796875e+01
1.220369696617126465e+00 -1.394888973236083984e+01 2.653185272216796875e+01
-6.120544071563926991e-07 -1.400217247009277344e+01 2.653185272216796875e+01
-1.220369696617126465e+00 -1.394888973236083984e+01 2.653185272216796875e+01
-2.431453466415405273e+00 -1.378944778442382812e+01 2.653185272216796875e+01
-3.624028921127319336e+00 -1.352505970001220703e+01 2.653185272216796875e+01
-4.789026260375976562e+00 -1.315773773193359375e+01 2.653185272216796875e+01
-5.917573928833007812e+00 -1.269027805328369141e+01 2.653185272216796875e+01
-7.001087665557861328e+00 -1.212623786926269531e+01 2.653185272216796875e+01
-8.031315803527832031e+00 -1.146990776062011719e+01 2.653185272216796875e+01
-9.000423431396484375e+00 -1.072628593444824219e+01 2.653185272216796875e+01
-9.901031494140625000e+00 -9.901031494140625000e+00 2.653185272216796875e+01
-1.072628688812255859e+01 -9.000424385070800781e+00 2.653185272216796875e+01
-1.146990776062011719e+01 -8.031315803527832031e+00 2.653185272216796875e+01
-1.212623691558837891e+01 -7.001086711883544922e+00 2.653185272216796875e+01
-1.269027805328369141e+01 -5.917573928833007812e+00 2.653185272216796875e+01
-1.315773963928222656e+01 -4.789023399353027344e+00 2.653185272216796875e+01
-1.352505970001220703e+01 -3.624028921127319336e+00 2.653185272216796875e+01
-1.378944873809814453e+01 -2.431450128555297852e+00 2.653185272216796875e+01
-1.394888973236083984e+01 -1.220369696617126465e+00 2.653185272216796875e+01
-1.400217247009277344e+01 0.000000000000000000e+00 2.653185272216796875e+01
-1.394888973236083984e+01 1.220369696617126465e+00 2.653185272216796875e+01
-1.378944873809814453e+01 2.431450128555297852e+00 2.653185272216796875e+01
-1.352505970001220703e+01 3.624028921127319336e+00 2.653185272216796875e+01
-1.315773868560791016e+01 4.789022922515869141e+00 2.653185272216796875e+01
-1.269027805328369141e+01 5.917573928833007812e+00 2.653185272216796875e+01
-1.212623786926269531e+01 7.001087665557861328e+00 2.653185272216796875e+01
-1.146990776062011719e+01 8.031315803527832031e+00 2.653185272216796875e+01
-1.072628593444824219e+01 9.000423431396484375e+00 2.653185272216796875e+01
-9.901031494140625000e+00 9.901031494140625000e+00 2.653185272216796875e+01
-9.000424385070800781e+00 1.072628688812255859e+01 2.653185272216796875e+01
-8.031315803527832031e+00 1.146990776062011719e+01 2.653185272216796875e+01
-7.001086711883544922e+00 1.212623691558837891e+01 2.653185272216796875e+01
-5.917573928833007812e+00 1.269027805328369141e+01 2.653185272216796875e+01
-4.789026737213134766e+00 1.315773868560791016e+01 2.653185272216796875e+01
-3.624028921127319336e+00 1.352505970001220703e+01 2.653185272216796875e+01
-2.431453466415405273e+00 1.378944778442382812e+01 2.653185272216796875e+01
-1.220369696617126465e+00 1.394888973236083984e+01 2.653185272216796875e+01
7.636941224336624146e-02 1.400196456909179688e+01 2.653185272216796875e+01
1.143464922904968262e+00 1.160979461669921875e+01 2.763883399963378906e+01
2.275917053222656250e+00 1.144181251525878906e+01 2.763883590698242188e+01
3.386451959609985352e+00 1.116363620758056641e+01 2.763883399963378906e+01
4.464373111724853516e+00 1.077795028686523438e+01 2.763883590698242188e+01
5.499299526214599609e+00 1.028846645355224609e+01 2.763883399963378906e+01
6.481265068054199219e+00 9.699900627136230469e+00 2.763883590698242188e+01
7.400812625885009766e+00 9.017915725708007812e+00 2.763883399963378906e+01
8.249086380004882812e+00 8.249087333679199219e+00 2.763883590698242188e+01
9.017915725708007812e+00 7.400812625885009766e+00 2.763883399963378906e+01
9.699900627136230469e+00 6.481266021728515625e+00 2.763883590698242188e+01
1.028846645355224609e+01 5.499299526214599609e+00 2.763883399963378906e+01
1.077795219421386719e+01 4.464373588562011719e+00 2.763883590698242188e+01
1.116363620758056641e+01 3.386451959609985352e+00 2.763883399963378906e+01
1.144181060791015625e+01 2.275917291641235352e+00 2.763883590698242188e+01
1.160979461669921875e+01 1.143464922904968262e+00 2.763883399963378906e+01
1.166597080230712891e+01 0.000000000000000000e+00 2.763883590698242188e+01
1.160979461669921875e+01 -1.143464922904968262e+00 2.763883399963378906e+01
1.144181251525878906e+01 -2.275917768478393555e+00 2.763883590698242188e+01
1.116363620758056641e+01 -3.386451959609985352e+00 2.763883399963378906e+01
1.077795028686523438e+01 -4.464372634887695312e+00 2.763883590698242188e+01
1.028846645355224609e+01 -5.499299526214599609e+00 2.763883399963378906e+01
9.699900627136230469e+00 -6.481266021728515625e+00 2.763883590698242188e+01
9.017915725708007812e+00 -7.400812625885009766e+00 2.763883399963378906e+01
8.249086380004882812e+00 -8.249087333679199219e+00 2.763883590698242188e+01
7.400812625885009766e+00 -9.017915725708007812e+00 2.763883399963378906e+01
6.481265068054199219e+00 -9.699900627136230469e+00 2.763883590698242188e+01
5.499299526214599609e+00 -1.028846645355224609e+01 2.763883399963378906e+01
4.464373588562011719e+00 -1.077795219421386719e+01 2.763883590698242188e+01
3.386451959609985352e+00 -1.116363620758056641e+01 2.763883399963378906e+01
2.275916576385498047e+00 -1.144181060791015625e+01 2.763883590698242188e+01
1.143464922904968262e+00 -1.160979461669921875e+01 2.763883399963378906e+01
-5.099357736071397085e-07 -1.166597080230712891e+01 2.763883590698242188e+01
-1.143464922904968262e+00 -1.160979461669921875e+01 2.763883399963378906e+01
-2.275917768478393555e+00 -1.144181156158447266e+01 2.763883590698242188e+01
-3.386451959609985352e+00 -1.116363620758056641e+01 2.763883399963378906e+01
-4.464373588562011719e+00 -1.077794933319091797e+01 2.763883590698242188e+01
-5.499299526214599609e+00 -1.028846645355224609e+01 2.763883399963378906e+01
-6.481265068054199219e+00 -9.699900627136230469e+00 2.763883590698242188e+01
-7.400812625885009766e+00 -9.017915725708007812e+00 2.763883399963378906e+01
-8.249086380004882812e+00 -8.249087333679199219e+00 2.763883590698242188e+01
-9.017915725708007812e+00 -7.400812625885009766e+00 2.763883399963378906e+01
-9.699900627136230469e+00 -6.481265068054199219e+00 2.763883590698242188e+01
-1.028846645355224609e+01 -5.499299526214599609e+00 2.763883399963378906e+01
-1.077795219421386719e+01 -4.464372158050537109e+00 2.763883590698242188e+01
-1.116363620758056641e+01 -3.386451959609985352e+00 2.763883399963378906e+01
-1.144181060791015625e+01 -2.275917291641235352e+00 2.763883590698242188e+01
-1.160979461669921875e+01 -1.143464922904968262e+00 2.763883399963378906e+01
-1.166597080230712891e+01 0.000000000000000000e+00 2.763883590698242188e+01
-1.160979461669921875e+01 1.143464922904968262e+00 2.763883399963378906e+01
-1.144181251525878906e+01 2.275917768478393555e+00 2.763883590698242188e+01
-1.116363620758056641e+01 3.386451959609985352e+00 2.763883399963378906e+01
-1.077795124053955078e+01 4.464371204376220703e+00 2.763883590698242188e+01
-1.028846645355224609e+01 5.499299526214599609e+00 2.763883399963378906e+01
-9.699900627136230469e+00 6.481265068054199219e+00 2.763883590698242188e+01
-9.017915725708007812e+00 7.400812625885009766e+00 2.763883399963378906e+01
-8.249086380004882812e+00 8.249087333679199219e+00 2.763883590698242188e+01
-7.400812625885009766e+00 9.017915725708007812e+00 2.763883399963378906e+01
-6.481265068054199219e+00 9.699900627136230469e+00 2.763883590698242188e+01
-5.499299526214599609e+00 1.028846645355224609e+01 2.763883399963378906e+01
-4.464374065399169922e+00 1.077795124053955078e+01 2.763883590698242188e+01
-3.386451959609985352e+00 1.116363620758056641e+01 2.763883399963378906e+01
-2.275917530059814453e+00 1.144181060791015625e+01 2.763883590698242188e+01
-1.143464922904968262e+00 1.160979461669921875e+01 2.763883399963378906e+01
1.908745914697647095e-01 1.166440868377685547e+01 2.763883590698242188e+01
1.204235911369323730e+00 9.147080421447753906e+00 2.854611587524414062e+01
2.387867450714111328e+00 8.911641120910644531e+00 2.854611778259277344e+01
3.530641317367553711e+00 8.523721694946289062e+00 2.854611587524414062e+01
4.613004684448242188e+00 7.989960193634033203e+00 2.854611778259277344e+01
5.616438865661621094e+00 7.319486141204833984e+00 2.854611587524414062e+01
6.523774147033691406e+00 6.523775100708007812e+00 2.854611778259277344e+01
7.319486141204833984e+00 5.616438865661621094e+00 2.854611587524414062e+01
7.989959239959716797e+00 4.613005161285400391e+00 2.854611778259277344e+01
8.523721694946289062e+00 3.530641317367553711e+00 2.854611587524414062e+01
8.911641120910644531e+00 2.387867212295532227e+00 2.854611778259277344e+01
9.147080421447753906e+00 1.204235911369323730e+00 2.854611587524414062e+01
9.226010322570800781e+00 0.000000000000000000e+00 2.854611778259277344e+01
9.147080421447753906e+00 -1.204235911369323730e+00 2.854611587524414062e+01
8.911641120910644531e+00 -2.387867212295532227e+00 2.854611778259277344e+01
8.523721694946289062e+00 -3.530641317367553711e+00 2.854611587524414062e+01
7.989959239959716797e+00 -4.613005161285400391e+00 2.854611778259277344e+01
7.319486141204833984e+00 -5.616438865661621094e+00 2.854611587524414062e+01
6.523774147033691406e+00 -6.523775100708007812e+00 2.854611778259277344e+01
5.616438865661621094e+00 -7.319486141204833984e+00 2.854611587524414062e+01
4.613004684448242188e+00 -7.989960193634033203e+00 2.854611778259277344e+01
3.530641317367553711e+00 -8.523721694946289062e+00 2.854611587524414062e+01
2.387867450714111328e+00 -8.911641120910644531e+00 2.854611778259277344e+01
1.204235911369323730e+00 -9.147080421447753906e+00 2.854611587524414062e+01
-4.032817173538205680e-07 -9.226010322570800781e+00 2.854611778259277344e+01
-1.204235911369323730e+00 -9.147080421447753906e+00 2.854611587524414062e+01
-2.387868165969848633e+00 -8.911641120910644531e+00 2.854611778259277344e+01
-3.530641317367553711e+00 -8.523721694946289062e+00 2.854611587524414062e+01
-4.613005638122558594e+00 -7.989959239959716797e+00 2.854611778259277344e+01
-5.616438865661621094e+00 -7.319486141204833984e+00 2.854611587524414062e+01
-6.523774147033691406e+00 -6.523775100708007812e+00 2.854611778259277344e+01
-7.319486141204833984e+00 -5.616438865661621094e+00 2.854611587524414062e+01
-7.989960193634033203e+00 -4.613003730773925781e+00 2.854611778259277344e+01
-8.523721694946289062e+00 -3.530641317367553711e+00 2.854611587524414062e+01
-8.911642074584960938e+00 -2.387865781784057617e+00 2.854611778259277344e+01
-9.147080421447753906e+00 -1.204235911369323730e+00 2.854611587524414062e+01
-9.226010322570800781e+00 0.000000000000000000e+00 2.854611778259277344e+01
-9.147080421447753906e+00 1.204235911369323730e+00 2.854611587524414062e+01
-8.911642074584960938e+00 2.387865781784057617e+00 2.854611778259277344e+01
-8.523721694946289062e+00 3.530641317367553711e+00 2.854611587524414062e+01
-7.989960193634033203e+00 4.613003730773925781e+00 2.854611778259277344e+01
-7.319486141204833984e+00 5.616438865661621094e+00 2.854611587524414062e+01
-6.523774147033691406e+00 6.523775100708007812e+00 2.854611778259277344e+01
-5.616438865661621094e+00 7.319486141204833984e+00 2.854611587524414062e+01
-4.613005638122558594e+00 7.989959239959716797e+00 2.854611778259277344e+01
-3.530641317367553711e+00 8.523721694946289062e+00 2.854611587524414062e+01
-2.387868165969848633e+00 8.911641120910644531e+00 2.854611778259277344e+01
-1.204235911369323730e+00 9.147080421447753906e+00 2.854611587524414062e+01
1.207647547125816345e-01 9.225219726562500000e+00 2.854611778259277344e+01
1.026906847953796387e+00 6.483634471893310547e+00 2.927298927307128906e+01
2.028527736663818359e+00 6.243167400360107422e+00 2.927299118041992188e+01
2.980199575424194336e+00 5.848970890045166016e+00 2.927298927307128906e+01
3.858489036560058594e+00 5.310755252838134766e+00 2.927299118041992188e+01
4.641769886016845703e+00 4.641769886016845703e+00 2.927298927307128906e+01
5.310755252838134766e+00 3.858489036560058594e+00 2.927299118041992188e+01
5.848970890045166016e+00 2.980199575424194336e+00 2.927298927307128906e+01
6.243166923522949219e+00 2.028527736663818359e+00 2.927299118041992188e+01
6.483634471893310547e+00 1.026906847953796387e+00 2.927298927307128906e+01
6.564454555511474609e+00 0.000000000000000000e+00 2.927299118041992188e+01
6.483634471893310547e+00 -1.026906847953796387e+00 2.927298927307128906e+01
6.243167400360107422e+00 -2.028527975082397461e+00 2.927299118041992188e+01
5.848970890045166016e+00 -2.980199575424194336e+00 2.927298927307128906e+01
5.310755252838134766e+00 -3.858489036560058594e+00 2.927299118041992188e+01
4.641769886016845703e+00 -4.641769886016845703e+00 2.927298927307128906e+01
3.858489036560058594e+00 -5.310755252838134766e+00 2.927299118041992188e+01
2.980199575424194336e+00 -5.848970890045166016e+00 2.927298927307128906e+01
2.028527736663818359e+00 -6.243166923522949219e+00 2.927299118041992188e+01
1.026906847953796387e+00 -6.483634471893310547e+00 2.927298927307128906e+01
-2.869414004180725897e-07 -6.564454555511474609e+00 2.927299118041992188e+01
-1.026906847953796387e+00 -6.483634471893310547e+00 2.927298927307128906e+01
-2.028528213500976562e+00 -6.243166923522949219e+00 2.927299118041992188e+01
-2.980199575424194336e+00 -5.848970890045166016e+00 2.927298927307128906e+01
-3.858489036560058594e+00 -5.310755252838134766e+00 2.927299118041992188e+01
-4.641769886016845703e+00 -4.641769886016845703e+00 2.927298927307128906e+01
-5.310755252838134766e+00 -3.858489036560058594e+00 2.927299118041992188e+01
-5.848970890045166016e+00 -2.980199575424194336e+00 2.927298927307128906e+01
-6.243167400360107422e+00 -2.028526544570922852e+00 2.927299118041992188e+01
-6.483634471893310547e+00 -1.026906847953796387e+00 2.927298927307128906e+01
-6.564454555511474609e+00 0.000000000000000000e+00 2.927299118041992188e+01
-6.483634471893310547e+00 1.026906847953796387e+00 2.927298927307128906e+01
-6.243167877197265625e+00 2.028526782989501953e+00 2.927299118041992188e+01
-5.848970890045166016e+00 2.980199575424194336e+00 2.927298927307128906e+01
-5.310755252838134766e+00 3.858489036560058594e+00 2.927299118041992188e+01
-4.641769886016845703e+00 4.641769886016845703e+00 2.927298927307128906e+01
-3.858489036560058594e+00 5.310755252838134766e+00 2.927299118041992188e+01
-2.980199575424194336e+00 5.848970890045166016e+00 2.927298927307128906e+01
-2.028527975082397461e+00 6.243166446685791016e+00 2.927299118041992188e+01
-1.026906847953796387e+00 6.483634471893310547e+00 2.927298927307128906e+01
